name,wert,Raeuber1,Raeuber2
LOGNORM0,26.316769198996464,0,1
LOGNORM1,96.4849725413618,0,1
LOGNORM2,9.285416380568572,0,1
LOGNORM3,5.628165987413986,0,1
LOGNORM4,6.392121378972947,0,1
LOGNORM5,92.18449719635281,0,1
LOGNORM6,22.37926731339208,0,1
LOGNORM7,84.03251610778867,0,1
LOGNORM8,11.152408762096274,0,1
LOGNORM9,10.490613143641427,0,1
LOGNORM10,869.3215546658478,1,0
LOGNORM11,37.94647078357103,0,1
LOGNORM12,19.50554642262841,0,1
LOGNORM13,4.688301531933257,0,1
LOGNORM14,11.825849108123116,0,1
LOGNORM15,45.95299180700288,0,1
LOGNORM16,6.7000437874675205,0,1
LOGNORM17,30.520215320695197,0,1
LOGNORM18,19.18103486355175,0,1
LOGNORM19,149.37456892058083,0,1
LOGNORM20,4.4822243292153,0,1
LOGNORM21,1.9165979855590298,0,1
LOGNORM22,4.790480552982191,0,1
