name,wert,Raeuber1,Raeuber2
LOGNORM0,23.926378020765107,0,1
LOGNORM1,8.87670839928518,0,1
LOGNORM2,14.106020324214809,0,1
LOGNORM3,23.886049005918608,0,1
LOGNORM4,6.513985781493292,0,1
LOGNORM5,570.3281909133036,1,0
LOGNORM6,14.183825037031404,0,1
LOGNORM7,59.99203369591602,0,1
LOGNORM8,31.497882814129216,0,1
LOGNORM9,3.8449767747252923,0,1
LOGNORM10,14.016291834654368,0,1
LOGNORM11,27.57412672884229,0,1
LOGNORM12,22.07857111925328,0,1
LOGNORM13,39.612331408250654,0,1
LOGNORM14,6.457734778304031,0,1
LOGNORM15,20.306522982834707,0,1
LOGNORM16,10.284337969716638,0,1
LOGNORM17,5.5842168056410495,0,1
LOGNORM18,10.70966642197461,0,1
LOGNORM19,47.741705110821556,0,1
LOGNORM20,46.63110259540735,0,1
LOGNORM21,31.473193945684564,0,1
LOGNORM22,7.566569421411136,0,1
