name,wert,Raeuber1,Raeuber2
LOGNORM0,6.542233764420832,0,1
LOGNORM1,16.121902003406614,0,1
LOGNORM2,137.49559441321483,0,1
LOGNORM3,20.587776639760822,0,1
LOGNORM4,4.288224102004608,0,1
LOGNORM5,18.298688467450624,0,1
LOGNORM6,32.33534254391452,0,1
LOGNORM7,69.794788214768,0,1
LOGNORM8,31.785320688004692,0,1
LOGNORM9,106.79978938828455,0,1
LOGNORM10,9.64138936765142,0,1
LOGNORM11,27.598175459804356,0,1
LOGNORM12,8.364875617704387,0,1
LOGNORM13,26.62160005252365,0,1
LOGNORM14,11.397345642366036,0,1
LOGNORM15,22.425102379723906,0,1
LOGNORM16,969.6418835025884,1,0
LOGNORM17,37.5553691908523,0,1
