name,wert,Raeuber1,Raeuber2
LOGNORM0,6.289866263005639,0,1
LOGNORM1,18.903811386792068,0,1
LOGNORM2,7.788070785359087,0,1
LOGNORM3,23.54395427616294,0,1
LOGNORM4,47.46742634551413,0,1
LOGNORM5,9.470802635108734,0,1
LOGNORM6,5.881149517519009,0,1
LOGNORM7,11.017454824212612,0,1
LOGNORM8,7.595709493484963,0,1
LOGNORM9,8.818355646228063,0,1
LOGNORM10,9.70132797330799,0,1
LOGNORM11,13.817362818510379,0,1
LOGNORM12,370.65097923197646,1,0
LOGNORM13,22.361939532970972,0,1
LOGNORM14,13.378563272567813,0,1
LOGNORM15,4.868665112325068,0,1
LOGNORM16,14.513677239475753,0,1
LOGNORM17,6.198913675816817,0,1
LOGNORM18,12.366707292202614,0,1
LOGNORM19,17.70902485850407,0,1
LOGNORM20,4.669584684901805,0,1
LOGNORM21,11.576385350290442,0,1
LOGNORM22,18.44702367055225,0,1
